-0.006806 -0.016979 0.201217
-0.038741 -0.046610 1.426023
-0.044237 -0.090267 3.043062
-0.053420 -0.116093 4.763093
-0.053993 -0.125736 5.924666
-0.060799 -0.142716 6.125883
-0.092734 -0.172346 7.350689
-0.098230 -0.216003 8.967729
-0.107413 -0.241830 10.687759
-0.107985 -0.251473 11.849332
-0.114792 -0.268452 12.050549
-0.146726 -0.298083 13.275354
-0.152223 -0.341739 14.892394
-0.161405 -0.367566 16.612425
-0.161978 -0.377209 17.773998
-0.168784 -0.394188 17.975216
-0.200719 -0.423819 19.200022
-0.206216 -0.467476 20.817060
-0.215398 -0.493302 22.537092
-0.215971 -0.502946 23.698664
-0.222777 -0.519925 23.899879
-0.254712 -0.549555 25.124687
-0.260208 -0.593212 26.741726
-0.269391 -0.619039 28.461758
-0.269964 -0.628682 29.623329
-0.276770 -0.645661 29.824547
-0.308704 -0.675292 31.049353
-0.314201 -0.718949 32.666393
-0.323384 -0.744775 34.386421
-0.323956 -0.754419 35.547997
-0.330762 -0.771398 35.749214
-0.362697 -0.801028 36.974018
-0.368194 -0.844685 38.591061
-0.377376 -0.870512 40.311089
-0.377949 -0.880155 41.472664
-0.384755 -0.897134 41.673882
-0.416690 -0.926765 42.898685
-0.422186 -0.970422 44.515728
-0.431369 -0.996248 46.235756
-0.431942 -1.005892 47.397331
-0.438748 -1.022871 47.598549
-0.470682 -1.052501 48.823353
-0.476179 -1.096158 50.440395
-0.485362 -1.121985 52.160423
-0.485934 -1.131628 53.321999
-0.492741 -1.148607 53.523216
-0.524675 -1.178238 54.748020
-0.530172 -1.221895 56.365063
-0.539354 -1.247721 58.085091
-0.539927 -1.257365 59.246666
-0.546733 -1.274344 59.447884
-0.578668 -1.303974 60.672688
-0.584164 -1.347631 62.289730
-0.593347 -1.373458 64.009758
-0.593920 -1.383101 65.171333
-0.600726 -1.400080 65.372551
-0.632661 -1.429711 66.597359
-0.638157 -1.473368 68.214394
-0.647340 -1.499194 69.934425
-0.647912 -1.508837 71.096001
-0.654719 -1.525817 71.297218
-0.686653 -1.555447 72.522026
-0.692150 -1.599104 74.139061
-0.701332 -1.624931 75.859093
-0.701905 -1.634574 77.020668
-0.708711 -1.651553 77.221886
-0.740646 -1.681184 78.446693
-0.746143 -1.724841 80.063728
-0.755325 -1.750667 81.783760
-0.755898 -1.760310 82.945335
-0.762704 -1.777290 83.146553
-0.794639 -1.806920 84.371361
-0.800135 -1.850577 85.988396
-0.809318 -1.876404 87.708427
-0.809890 -1.886047 88.870003
-0.816697 -1.903026 89.071220
-0.848631 -1.932657 90.296028
-0.854128 -1.976313 91.913063
-0.863310 -2.002140 93.633095
-0.863883 -2.011783 94.794670
-0.870689 -2.028763 94.995888
-0.902624 -2.058393 96.220695
-0.908121 -2.102050 97.837730
-0.917303 -2.127877 99.557762
-0.917876 -2.137520 100.719337
-0.924682 -2.154499 100.920555
-0.956617 -2.184130 102.145363
-0.962113 -2.227787 103.762398
-0.971296 -2.253613 105.482430
-0.971868 -2.263256 106.644005
-0.978675 -2.280236 106.845222
-1.010609 -2.309866 108.070030
-1.016106 -2.353523 109.687065
-1.025288 -2.379349 111.407097
-1.025861 -2.388993 112.568672
-1.032667 -2.405972 112.769890
-1.064602 -2.435603 113.994698
-1.070099 -2.479259 115.611732
-1.079281 -2.505086 117.331764
-1.079854 -2.514729 118.493340
-1.086660 -2.531708 118.694557
-1.118595 -2.561339 119.919365
-1.124091 -2.604996 121.536400
-1.133274 -2.630822 123.256432
-1.133847 -2.640466 124.418007
-1.140653 -2.657445 124.619225
-1.172587 -2.687076 125.844032
-1.178084 -2.730732 127.461067
-1.187267 -2.756559 129.181107
-1.187839 -2.766202 130.342667
-1.194646 -2.783181 130.543884
-1.226580 -2.812812 131.768692
-1.232077 -2.856469 133.385727
-1.241259 -2.882295 135.105759
-1.241832 -2.891939 136.267334
-1.248638 -2.908918 136.468552
-1.280573 -2.938549 137.693359
-1.286070 -2.982205 139.310394
-1.295252 -3.008032 141.030426
-1.295825 -3.017675 142.192001
-1.302631 -3.034654 142.393219
-1.334566 -3.064285 143.618027
-1.340062 -3.107942 145.235062
-1.349245 -3.133768 146.955093
-1.349818 -3.143412 148.116669
-1.356624 -3.160391 148.317886
-1.388558 -3.190022 149.542694
-1.394055 -3.233678 151.159729
-1.403238 -3.259505 152.879761
-1.403810 -3.269148 154.041336
-1.410617 -3.286127 154.242554
-1.442551 -3.315758 155.467361
-1.448048 -3.359415 157.084396
-1.457230 -3.385241 158.804428
-1.457803 -3.394885 159.966003
-1.464609 -3.411864 160.167221
-1.496544 -3.441494 161.392029
-1.502041 -3.485151 163.009064
-1.511223 -3.510978 164.729095
-1.511796 -3.520621 165.890671
-1.518602 -3.537600 166.091888
-1.550537 -3.567231 167.316696
-1.556033 -3.610888 168.933731
-1.565216 -3.636714 170.653763
-1.565789 -3.646358 171.815338
-1.572595 -3.663337 172.016556
-1.604529 -3.692967 173.241364
-1.610026 -3.736624 174.858398
-1.619209 -3.762451 176.578430
-1.619781 -3.772094 177.740005
-1.626588 -3.789073 177.941223
-1.658522 -3.818704 179.166031
-1.664019 -3.862360 180.783066
-1.673201 -3.888187 182.503098
-1.673774 -3.897830 183.664673
-1.680580 -3.914810 183.865891
-1.712515 -3.944440 185.090698
-1.718011 -3.988097 186.707733
-1.727194 -4.013924 188.427765
-1.727767 -4.023567 189.589340
-1.734573 -4.040546 189.790558
-1.766508 -4.070177 191.015366
-1.772004 -4.113833 192.632401
-1.781187 -4.139660 194.352432
-1.781760 -4.149303 195.514008
-1.788566 -4.166282 195.715225
-1.820500 -4.195913 196.940033
-1.825997 -4.239570 198.557068
-1.835180 -4.265396 200.277100
-1.835752 -4.275039 201.438675
-1.842559 -4.292018 201.639893
-1.874493 -4.321649 202.864700
-1.879990 -4.365306 204.481735
-1.889172 -4.391132 206.201767
-1.889745 -4.400775 207.363342
-1.896551 -4.417755 207.564560
-1.928486 -4.447385 208.789368
-1.933982 -4.491042 210.406403
-1.943165 -4.516869 212.126434
-1.943738 -4.526512 213.288010
-1.950544 -4.543491 213.489227
-1.982479 -4.573122 214.714035
-1.987975 -4.616778 216.331070
-1.997158 -4.642605 218.051102
-1.997730 -4.652248 219.212677
-2.004537 -4.669227 219.413895
-2.036471 -4.698858 220.638702
-2.041968 -4.742515 222.255737
-2.051151 -4.768341 223.975769
-2.051723 -4.777984 225.137344
-2.058530 -4.794963 225.338562
-2.090464 -4.824594 226.563370
-2.095961 -4.868251 228.180405
-2.105143 -4.894077 229.900436
-2.105716 -4.903720 231.062012
-2.112522 -4.920700 231.263229
-2.144457 -4.950330 232.488037
-2.149953 -4.993987 234.105072
-2.159136 -5.019814 235.825104
-2.159709 -5.029457 236.986679
-2.166515 -5.046436 237.187897
-2.198450 -5.076066 238.412704
-2.203946 -5.119723 240.029739
-2.213129 -5.145550 241.749771
-2.213701 -5.155193 242.911346
-2.220508 -5.172172 243.112564
-2.252442 -5.201803 244.337372
-2.257939 -5.245460 245.954407
-2.267122 -5.271286 247.674438
-2.267694 -5.280929 248.836014
-2.274501 -5.297908 249.037231
-2.306435 -5.327539 250.262039
-2.311932 -5.371196 251.879074
-2.321114 -5.397022 253.599106
-2.321687 -5.406665 254.760681
-2.328493 -5.423645 254.961899
-2.360428 -5.453275 256.186707
-2.365924 -5.496932 257.803741
-2.375107 -5.522758 259.523773
-2.375680 -5.532402 260.685333
-2.382486 -5.549381 260.886536
-2.414421 -5.579011 262.111359
-2.419917 -5.622668 263.728394
-2.429100 -5.648495 265.448425
-2.429672 -5.658138 266.609985
-2.436479 -5.675117 266.811188
-2.468413 -5.704748 268.036011
-2.473910 -5.748405 269.653046
-2.483093 -5.774231 271.373077
-2.483665 -5.783874 272.534637
-2.490472 -5.800853 272.735840
-2.522406 -5.830484 273.960663
-2.527903 -5.874141 275.577698
-2.537085 -5.899967 277.297729
-2.537658 -5.909610 278.459290
-2.544464 -5.926589 278.660492
-2.576399 -5.956220 279.885315
-2.581895 -5.999877 281.502350
-2.591078 -6.025703 283.222382
-2.591651 -6.035347 284.383942
-2.598457 -6.052326 284.585144
-2.630392 -6.081956 285.809967
-2.635888 -6.125613 287.427002
-2.645071 -6.151440 289.147034
-2.645643 -6.161083 290.308594
-2.652450 -6.178062 290.509796
-2.684384 -6.207693 291.734619
-2.689881 -6.251349 293.351654
-2.699064 -6.277176 295.071686
-2.699636 -6.286819 296.233246
-2.706443 -6.303798 296.434448
-2.738377 -6.333429 297.659271
-2.743874 -6.377086 299.276306
-2.753056 -6.402912 300.996338
-2.753629 -6.412555 302.157898
-2.760435 -6.429534 302.359100
-2.792370 -6.459165 303.583923
-2.797866 -6.502822 305.200958
-2.807049 -6.528648 306.920990
-2.807622 -6.538291 308.082550
-2.814428 -6.555271 308.283752
-2.846363 -6.584901 309.508575
-2.851859 -6.628558 311.125610
-2.861042 -6.654385 312.845642
-2.861614 -6.664028 314.007202
-2.868421 -6.681007 314.208405
-2.900355 -6.710638 315.433228
-2.905852 -6.754294 317.050262
-2.915035 -6.780121 318.770294
-2.915607 -6.789764 319.931854
-2.922414 -6.806743 320.133057
-2.954348 -6.836374 321.357880
-2.959845 -6.880031 322.974915
-2.969027 -6.905857 324.694946
-2.969600 -6.915500 325.856506
