0.000000 0.000000 0.000000
0.001289 -0.018216 1.310643
0.000445 -0.042033 2.625299
0.002038 -0.063028 3.941730
0.002778 -0.084838 5.261017
0.002778 -0.084838 5.261017
0.006191 -0.099957 6.588154
0.006944 -0.116173 7.918341
0.006348 -0.133135 9.249009
0.005401 -0.146825 10.583639
0.005401 -0.146825 10.583639
0.000119 -0.165997 11.922039
-0.003870 -0.187837 13.272219
-0.002286 -0.206491 14.623779
0.002464 -0.223824 15.976249
0.002464 -0.223824 15.976249
0.001593 -0.247023 17.330819
-0.003307 -0.276144 18.695299
-0.009911 -0.300726 20.061649
-0.012261 -0.322656 21.438229
-0.012261 -0.322656 21.438229
-0.005238 -0.345455 22.812649
-0.001918 -0.368414 24.188049
0.000739 -0.394634 25.567769
-0.000373 -0.420530 26.953239
-0.000373 -0.420530 26.953239
0.001495 -0.451409 28.346269
0.003441 -0.482916 29.743329
0.006437 -0.508194 31.141329
0.008291 -0.532146 32.536999
0.008291 -0.532146 32.536999
0.008024 -0.559158 33.943629
0.010205 -0.582566 35.351209
0.015085 -0.606292 36.760839
0.019721 -0.627459 38.173899
0.019721 -0.627459 38.173899
0.019233 -0.650413 39.596489
0.017396 -0.672062 41.019039
0.014599 -0.692968 42.445169
0.011011 -0.711811 43.874019
0.011011 -0.711811 43.874019
0.006990 -0.731859 45.305979
0.003411 -0.752223 46.734879
0.000257 -0.769926 48.163029
-0.003294 -0.789583 49.592559
-0.003294 -0.789583 49.592559
-0.007367 -0.812644 51.016589
-0.008932 -0.833009 52.436479
-0.012012 -0.854534 53.854009
-0.016079 -0.875037 55.267719
-0.016079 -0.875037 55.267719
-0.023737 -0.896793 56.681789
-0.031849 -0.917193 58.091569
-0.038861 -0.934949 59.491649
-0.043490 -0.952273 60.894239
-0.043490 -0.952273 60.894239
-0.044799 -0.972989 62.290529
-0.043087 -0.993082 63.684699
-0.039756 -1.011702 65.075189
-0.039046 -1.033334 66.460689
-0.039046 -1.033334 66.460689
-0.043348 -1.054689 67.847149
-0.051378 -1.074903 69.229099
-0.065838 -1.098353 70.613629
-0.075034 -1.117640 71.992569
-0.075034 -1.117640 71.992569
-0.087949 -1.134781 73.361469
-0.105237 -1.153059 74.727509
-0.122362 -1.170964 76.089619
-0.146606 -1.191190 77.446989
-0.146606 -1.191190 77.446989
-0.167297 -1.211455 78.798619
-0.189671 -1.232660 80.148299
-0.203837 -1.249976 81.493469
-0.224667 -1.270995 82.838569
-0.224667 -1.270995 82.838569
-0.243233 -1.291794 84.177169
-0.253303 -1.309047 85.513469
-0.272216 -1.334180 86.857969
-0.288720 -1.357023 88.199069
-0.288720 -1.357023 88.199069
-0.309259 -1.380386 89.531069
-0.328657 -1.404281 90.859469
-0.336913 -1.424270 92.183069
-0.344534 -1.445288 93.514569
-0.344534 -1.445288 93.514569
-0.344471 -1.462852 94.848969
-0.341670 -1.476905 96.182869
-0.344471 -1.497380 97.526069
-0.358350 -1.531987 98.889969
-0.358350 -1.531987 98.889969
-0.364530 -1.562282 100.249269
-0.366408 -1.588252 101.602869
-0.373125 -1.627983 102.958269
-0.374085 -1.660300 104.315369
-0.374085 -1.660300 104.315369
-0.369930 -1.686600 105.664069
-0.365498 -1.714813 107.018069
-0.364907 -1.750043 108.369769
-0.365924 -1.785499 109.722969
-0.365924 -1.785499 109.722969
-0.366001 -1.814044 111.074769
-0.365610 -1.840939 112.424969
-0.368871 -1.874056 113.775269
-0.371886 -1.901076 115.124569
-0.371886 -1.901076 115.124569
-0.376086 -1.928645 116.472469
-0.378577 -1.960214 117.815769
-0.381599 -1.996590 119.168469
-0.380469 -2.022987 120.517669
-0.380469 -2.022987 120.517669
-0.389655 -2.049998 121.861269
-0.405660 -2.086162 123.206869
-0.412011 -2.116255 124.553869
-0.410507 -2.145819 125.902469
-0.410507 -2.145819 125.902469
-0.399625 -2.168806 127.251469
-0.390910 -2.191039 128.598169
-0.384896 -2.216436 129.948569
-0.383672 -2.240260 131.298369
-0.383672 -2.240260 131.298369
-0.375676 -2.263673 132.649569
-0.366818 -2.288564 134.007869
-0.356376 -2.314992 135.368869
-0.349336 -2.339566 136.729069
-0.349336 -2.339566 136.729069
-0.321518 -2.358057 138.093369
-0.298476 -2.386097 139.462069
-0.288294 -2.411774 140.838369
-0.269242 -2.433865 142.217869
-0.269242 -2.433865 142.217869
-0.250115 -2.442905 143.593369
-0.242366 -2.461075 144.974669
-0.237711 -2.482052 146.354069
-0.242768 -2.508110 147.742469
-0.242768 -2.508110 147.742469
-0.238242 -2.531199 149.137969
-0.232840 -2.558122 150.537369
-0.233045 -2.587589 151.938869
-0.231133 -2.615502 153.343369
-0.231133 -2.615502 153.343369
-0.228885 -2.646134 154.751869
-0.226063 -2.679107 156.170269
-0.222659 -2.709347 157.589769
-0.223634 -2.749529 159.011469
-0.223634 -2.749529 159.011469
-0.238773 -2.801527 160.434569
-0.255969 -2.845243 161.867669
-0.272351 -2.885740 163.305169
-0.275613 -2.910491 164.742869
-0.275613 -2.910491 164.742869
-0.271308 -2.935082 166.190769
-0.269675 -2.957294 167.640369
-0.270441 -2.980768 169.095669
-0.275428 -3.015353 170.557369
-0.275428 -3.015353 170.557369
-0.279693 -3.051649 172.026269
-0.279596 -3.083571 173.498469
-0.278093 -3.110671 174.973569
-0.282600 -3.141203 176.453969
-0.282600 -3.141203 176.453969
-0.286884 -3.174679 177.940069
-0.291202 -3.203205 179.424169
-0.292846 -3.232012 180.913669
-0.294466 -3.258576 182.403869
-0.294466 -3.258576 182.403869
-0.294601 -3.285518 183.894769
-0.292548 -3.309484 185.389069
-0.290510 -3.335434 186.885769
-0.289902 -3.364064 188.381469
-0.289902 -3.364064 188.381469
-0.291841 -3.397957 189.887069
-0.294927 -3.431046 191.392369
-0.296340 -3.463119 192.902769
-0.295525 -3.492834 194.413669
-0.295525 -3.492834 194.413669
-0.293285 -3.523342 195.928369
-0.290724 -3.550392 197.449469
-0.285803 -3.577718 198.974069
-0.282034 -3.603915 200.494569
-0.282034 -3.603915 200.494569
-0.279126 -3.628153 202.022269
-0.276030 -3.652597 203.555169
-0.272668 -3.675293 205.086669
-0.268039 -3.701792 206.621169
-0.268039 -3.701792 206.621169
-0.261390 -3.727818 208.160269
-0.255268 -3.752451 209.695169
-0.249724 -3.776765 211.233069
-0.245964 -3.805959 212.771269
-0.245964 -3.805959 212.771269
-0.241878 -3.846158 214.312169
-0.238454 -3.882465 215.851769
-0.237662 -3.923838 217.391169
-0.236654 -3.964374 218.932569
-0.236654 -3.964374 218.932569
-0.233845 -4.001781 220.474869
-0.234034 -4.053991 222.021169
-0.228816 -4.096910 223.562869
-0.223743 -4.148291 225.112769
-0.223743 -4.148291 225.112769
-0.210479 -4.186290 226.666769
-0.193913 -4.217943 228.217469
-0.178719 -4.253851 229.762369
-0.164148 -4.292497 231.316869
-0.164148 -4.292497 231.316869
-0.151592 -4.327824 232.873569
-0.139760 -4.362227 234.432469
-0.129894 -4.399927 235.994869
-0.122378 -4.439493 237.563969
-0.122378 -4.439493 237.563969
-0.111374 -4.470048 239.141869
-0.104037 -4.502501 240.728369
-0.097864 -4.534895 242.312769
-0.090438 -4.570884 243.904669
-0.090438 -4.570884 243.904669
-0.077166 -4.606520 245.503769
-0.066849 -4.641895 247.106769
-0.062358 -4.687063 248.714069
-0.059108 -4.729003 250.328269
-0.059108 -4.729003 250.328269
-0.069046 -4.773266 251.951969
-0.070505 -4.811925 253.579069
-0.071193 -4.853663 255.207869
-0.068365 -4.889599 256.836269
-0.068365 -4.889599 256.836269
-0.065313 -4.926158 258.467869
-0.063227 -4.968036 260.093669
-0.060880 -5.006842 261.722169
-0.058506 -5.051573 263.351569
-0.058506 -5.051573 263.351569
-0.047964 -5.088258 264.978169
-0.037749 -5.118389 266.596769
-0.031985 -5.159642 268.216669
-0.027886 -5.196925 269.829769
-0.027886 -5.196925 269.829769
-0.023869 -5.236562 271.441169
-0.020959 -5.275771 273.048769
-0.017692 -5.306185 274.666269
-0.015199 -5.333292 276.272869
-0.015199 -5.333292 276.272869
-0.014600 -5.358154 277.875769
-0.017124 -5.388662 279.475469
-0.021615 -5.417749 281.073569
-0.032662 -5.453569 282.668169
-0.032662 -5.453569 282.668169
-0.044958 -5.491271 284.259669
-0.055595 -5.530259 285.852569
-0.067191 -5.569470 287.443569
-0.078993 -5.606422 289.034269
-0.078993 -5.606422 289.034269
-0.088912 -5.644504 290.619569
-0.098687 -5.683204 292.217269
-0.111991 -5.722885 293.814369
-0.123553 -5.757371 295.411669
-0.123553 -5.757371 295.411669
-0.140580 -5.794162 297.000369
-0.160660 -5.837921 298.640469
-0.175475 -5.875889 300.250369
-0.189651 -5.914017 301.806169
-0.189651 -5.914017 301.806169
-0.197465 -5.949099 303.411769
-0.205422 -5.983092 305.025969
-0.214856 -6.019738 306.639069
-0.223150 -6.056760 308.259669
-0.223150 -6.056760 308.259669
-0.230202 -6.094799 309.876269
-0.235639 -6.129649 311.494169
-0.239843 -6.162480 313.114369
-0.242985 -6.194246 314.744369
-0.242985 -6.194246 314.744369
-0.241696 -6.212462 316.055012
-0.242540 -6.236279 317.369668
-0.240948 -6.257274 318.686099
-0.240207 -6.279084 320.005386
