-5.551114999999999755e-17,0.000000000000000000e+00,2.220445999999999902e-16,3.562502999999999769e-10,-1.704637999999999951e-10,1.197625000000000039e-11
1.289128000000000062e-03,-1.821615999999999860e-02,1.310643000000000002e+00,-1.325834416384240799e-03,-2.089192952004683280e-04,9.037965154304563502e-04
4.448325999999999734e-04,-4.203318000000000332e-02,2.625299000000000049e+00,-1.860628388068337469e-03,-5.507574231127808405e-04,1.647375980822125959e-03
2.037581000000000114e-03,-6.302800999999999543e-02,3.941730000000000178e+00,-5.386842633684548604e-04,-7.293855696354153723e-04,3.413854562386317223e-03
2.777892000000000122e-03,-8.483760999999999386e-02,5.261016999999999832e+00,-8.164519268120888195e-04,-6.404366342470974201e-04,3.635880702348973439e-03
4.157927999999999971e-03,-1.014677999999999969e-01,6.581637999999999877e+00,-1.642800986341027333e-03,-5.097792032438393196e-04,3.926072451179084613e-03
7.571022000000000168e-03,-1.165873999999999938e-01,7.908775000000000333e+00,-2.696710440785483800e-03,-4.021482970218613292e-04,5.505186063639577569e-03
8.323818000000000189e-03,-1.328034999999999910e-01,9.238962000000000785e+00,-3.586095295761169977e-03,-5.789716216767759865e-04,5.186686028817522401e-03
7.728338999999999868e-03,-1.497649000000000064e-01,1.056963000000000008e+01,-1.871071745767924387e-03,-8.518140091835594034e-04,4.632490283030517818e-03
6.780918000000000362e-03,-1.634547000000000083e-01,1.190426000000000073e+01,7.823968662708425835e-04,-9.615937795027771663e-04,1.900057083593838150e-03
3.419394999999999987e-03,-1.767479999999999885e-01,1.324207999999999963e+01,1.725932220325833433e-03,-6.192031490465583262e-04,-1.544659934018147640e-03
-1.862181999999999987e-03,-1.959201999999999888e-01,1.458047999999999966e+01,1.581229895879012002e-03,-5.242178283834338960e-04,-3.963398954168455973e-03
-5.851755000000000151e-03,-2.177601999999999871e-01,1.593065999999999960e+01,8.748827267355953168e-04,-3.824082932447556691e-04,-5.190173463343163499e-03
-4.267715000000000050e-03,-2.364140000000000130e-01,1.728221999999999881e+01,-1.769141984903590875e-03,2.347214047816688137e-05,-2.993141530730294726e-03
4.827890000000000154e-04,-2.537475000000000147e-01,1.863468999999999909e+01,-3.997996682711373734e-03,2.560838934971735952e-04,8.983693176662065896e-04
5.006085999999999869e-03,-2.699100999999999861e-01,1.998669999999999902e+01,-1.831524065654449931e-03,-3.292838932558836331e-05,3.638715956371981874e-03
4.134686000000000264e-03,-2.931092000000000142e-01,2.134127000000000152e+01,5.527336542573545869e-04,-2.348685950113880354e-04,5.119156343934789209e-03
-7.654744999999999909e-04,-3.222297000000000078e-01,2.270574999999999832e+01,2.068009601562026314e-03,4.203706919436768778e-04,2.849653970023134468e-03
-7.369324000000000013e-03,-3.468119000000000063e-01,2.407209999999999894e+01,7.658973927290935787e-04,1.245534339863883528e-03,-1.415314122801186790e-04
-9.719264000000000028e-03,-3.687424000000000257e-01,2.544867999999999952e+01,-5.430080769546740023e-03,1.934209160556529328e-03,-1.451159189716267695e-03
-5.061180999999999666e-03,-3.871398999999999813e-01,2.682029999999999959e+01,-5.462853350598069826e-03,2.374947330358093828e-03,1.037933156250229767e-03
1.962273000000000055e-03,-4.099384999999999835e-01,2.819472000000000023e+01,-3.877456403813462748e-03,1.972031166850785749e-03,5.331427322513653498e-03
5.281593000000000225e-03,-4.328976999999999964e-01,2.957011999999999929e+01,-1.305397913621990369e-03,1.992672375113040042e-03,5.930669708672306993e-03
7.939023999999999387e-03,-4.591179000000000232e-01,3.094983999999999824e+01,9.902528441544510441e-04,2.390625153335947193e-03,6.179699671069647203e-03
6.827075999999999631e-03,-4.850132999999999805e-01,3.233530999999999977e+01,1.394811464338729717e-03,3.169295188740740843e-03,2.868690235942659636e-03
8.305167000000000452e-03,-5.122366999999999893e-01,3.371779999999999688e+01,3.506384459895652353e-03,3.563103508813279460e-03,1.929111425685744747e-03
1.017340000000000085e-02,-5.431160000000000432e-01,3.511082999999999998e+01,3.966722728964313174e-03,3.494356967360156933e-03,1.035318463190264271e-03
1.211940000000000066e-02,-5.746232999999999480e-01,3.650789000000000328e+01,1.662521438439723467e-03,3.407375703163473442e-03,9.619631636447364660e-04
1.511477999999999954e-02,-5.999006000000000061e-01,3.790588999999999942e+01,6.101900450978956164e-05,2.986136508406034631e-03,1.891389488698899863e-04
1.696850999999999915e-02,-6.238525999999999794e-01,3.930156000000000205e+01,3.715032546737557953e-04,2.963618189529275415e-03,-2.513438558038889620e-03
1.942949000000000065e-02,-6.437119999999999509e-01,4.070436999999999728e+01,5.456349740267697496e-04,3.104210082843620461e-03,-5.049880952050006186e-03
1.916344000000000034e-02,-6.707246000000000041e-01,4.211099999999999710e+01,2.792498403266471501e-05,3.111333063113941571e-03,-7.203628268817862182e-03
2.134430999999999828e-02,-6.941319999999999713e-01,4.351858000000000004e+01,-2.521577285023499483e-04,2.841627659861920962e-03,-8.309124678424277891e-03
2.622363999999999945e-02,-7.178581000000000545e-01,4.492820999999999998e+01,1.655385785497964356e-04,2.413526435674310470e-03,-7.259382181115190541e-03
3.086035999999999987e-02,-7.390250000000000430e-01,4.634127000000000152e+01,7.964001651474337650e-04,1.726085806484072916e-03,-6.424911585351293641e-03
3.408031000000000255e-02,-7.610314999999999719e-01,4.775704000000000349e+01,6.156378839135890387e-05,7.619887652292427205e-04,-5.800156140320935315e-03
3.359220999999999735e-02,-7.839855999999999492e-01,4.917963000000000306e+01,-7.911873722677331862e-04,-2.459554042731551668e-04,-6.010410413267139144e-03
3.175531999999999661e-02,-8.056349999999999900e-01,5.060217999999999705e+01,-1.044109082336447869e-03,-1.310788304263022560e-03,-6.647594310226696487e-03
2.895794999999999966e-02,-8.265407999999999644e-01,5.202830999999999761e+01,-6.575254750762308002e-04,-2.483902535726591199e-03,-6.636670142906739289e-03
2.536976999999999982e-02,-8.453836000000000128e-01,5.345716000000000179e+01,-1.929404619939365483e-03,-3.601666697770841436e-03,-6.875895606275989405e-03
2.082938000000000150e-02,-8.668316000000000354e-01,5.488463999999999743e+01,-2.896992163879530315e-03,-4.403393080543245922e-03,-5.484386477678804446e-03
1.680869999999999934e-02,-8.868800000000000017e-01,5.631660000000000110e+01,-2.812959275818636886e-03,-5.039880053666724764e-03,-3.988965015720284148e-03
1.322910000000000058e-02,-9.072441999999999451e-01,5.774549999999999983e+01,-2.387200344774915127e-03,-5.658570397360403181e-03,-1.705874198123671134e-03
1.007535000000000028e-02,-9.249469000000000163e-01,5.917365000000000208e+01,-2.832352206198631307e-03,-5.731840435535600839e-03,-3.587066032742298105e-04
6.524254999999999638e-03,-9.446035000000000403e-01,6.060318000000000183e+01,-3.476577872767649176e-03,-5.297876787490194556e-03,8.549144024907768397e-04
2.764210000000000018e-03,-9.647483999999999504e-01,6.202794999999999703e+01,-4.111430118292588518e-03,-4.910276630253132546e-03,1.878995718825282341e-03
-1.308242999999999949e-03,-9.878099999999999659e-01,6.345197999999999894e+01,-3.686208232261105593e-03,-4.474827083996497923e-03,3.809080475201702051e-03
-2.873604000000000089e-03,-1.008175000000000043e+00,6.487187000000000126e+01,-2.842164453134956963e-03,-3.993196381015160466e-03,5.307592928321565318e-03
-5.953934000000000136e-03,-1.029700000000000060e+00,6.628940000000000055e+01,-2.269256712730126097e-03,-3.347792353095124795e-03,5.228099269463709099e-03
-1.002030999999999929e-02,-1.050202999999999998e+00,6.770310999999999524e+01,-2.324996528154567570e-03,-2.545049688794346395e-03,3.488396292156250092e-03
-1.936440000000000036e-02,-1.076074999999999893e+00,6.911593000000000586e+01,-3.651791902898990534e-03,-2.066393367355927498e-03,6.556866141140705196e-04
-2.702275000000000163e-02,-1.097831000000000001e+00,7.053000000000000114e+01,-4.957028335622584887e-03,-1.302897410141618494e-03,-3.006449176674263341e-03
-3.513441999999999954e-02,-1.118230999999999975e+00,7.193977999999999895e+01,-5.507208583788814581e-03,-5.654236202938830004e-04,-6.656970115782566595e-03
-4.214650000000000341e-02,-1.135987000000000080e+00,7.333986000000000161e+01,-5.114030410980166877e-03,7.885743096345709422e-05,-1.115225133055042922e-02
-4.677589000000000052e-02,-1.153310999999999975e+00,7.474245000000000516e+01,-4.632690817680389615e-03,7.845315592647423598e-04,-1.422118334053147984e-02
-5.327678000000000275e-02,-1.177226000000000106e+00,7.614449999999999363e+01,-4.369225510842876699e-03,1.473634496096120705e-03,-1.637330892729918497e-02
-5.458510999999999919e-02,-1.197942000000000062e+00,7.754079000000000121e+01,-4.503093698927445980e-03,1.808932005048053196e-03,-1.664674623593006761e-02
-5.287324999999999664e-02,-1.218034999999999979e+00,7.893496000000000379e+01,-4.666495858461990401e-03,1.968849274401421236e-03,-1.541189000312944736e-02
-4.954250000000000320e-02,-1.236655000000000060e+00,8.032545000000000357e+01,-3.712144244574962833e-03,1.906702229622768419e-03,-1.424395810169305776e-02
-4.883211999999999969e-02,-1.258286999999999933e+00,8.171094999999999686e+01,-3.583042256203449773e-03,1.629018721860551241e-03,-1.349620763156380090e-02
-4.838806999999999831e-02,-1.278675999999999924e+00,8.309721000000000402e+01,-3.852460302014017787e-03,1.396440397856521043e-03,-1.354005637820666907e-02
-5.269072999999999812e-02,-1.300030999999999937e+00,8.448367000000000360e+01,-3.329418341356076873e-03,8.650541416646455924e-04,-1.308342866449658387e-02
-6.072004000000000290e-02,-1.320244999999999891e+00,8.586562000000000694e+01,-3.683390389110532352e-03,1.375727047822996631e-04,-1.343579478773414097e-02
-7.518041999999999780e-02,-1.343695000000000084e+00,8.725015000000000498e+01,-4.387178285966060985e-03,-8.027813973540115890e-04,-1.305106488167596078e-02
-8.437619999999999842e-02,-1.362981999999999916e+00,8.862909000000000503e+01,-5.437782213768302918e-03,-1.937502203160452238e-03,-1.092047750151737585e-02
-9.813228999999999702e-02,-1.382640000000000091e+00,9.000633999999999446e+01,-6.148908849840714966e-03,-3.140768153812085409e-03,-8.771699721807618005e-03
-1.110474999999999934e-01,-1.399780999999999942e+00,9.137524000000000513e+01,-6.316855536239264490e-03,-3.754632706194101829e-03,-6.779731516909207056e-03
-1.283351000000000075e-01,-1.418058999999999958e+00,9.274128000000000327e+01,-5.640622066311640724e-03,-4.219868304981285768e-03,-5.486065079739136340e-03
-1.454602999999999868e-01,-1.435964000000000018e+00,9.410339000000000453e+01,-5.124931030338271930e-03,-4.490435854694315408e-03,-4.259273596018972076e-03
-1.697047999999999890e-01,-1.456190000000000095e+00,9.546075999999999340e+01,-4.739969307667810626e-03,-4.628211471134859555e-03,-4.919593478595600533e-03
-1.913409000000000082e-01,-1.476212999999999997e+00,9.681382000000000687e+01,-4.049218970400374901e-03,-4.506626274035097253e-03,-4.720384484708086380e-03
-2.120314000000000088e-01,-1.496477999999999975e+00,9.816545000000000698e+01,-3.372218126167352784e-03,-4.264731788963953968e-03,-5.447708309375517283e-03
-2.344055999999999917e-01,-1.517682999999999893e+00,9.951512999999999920e+01,-3.497506654821827456e-03,-3.901727729387120380e-03,-7.047296667310255433e-03
-2.485715000000000008e-01,-1.534999000000000002e+00,1.008602999999999952e+02,-4.872777067669174095e-03,-3.663964110637346963e-03,-7.511567878763709613e-03
-2.694020999999999777e-01,-1.556017999999999901e+00,1.022053999999999974e+02,-6.428941724392406819e-03,-3.515162242430858001e-03,-8.811511471247682539e-03
-2.867601000000000178e-01,-1.575247000000000064e+00,1.035459000000000032e+02,-5.121524042288256792e-03,-3.455890914266050544e-03,-8.284760330543832277e-03
-3.053255999999999748e-01,-1.596046000000000076e+00,1.048845000000000027e+02,-2.479755491077503468e-03,-3.358582385818908219e-03,-8.165660972982715163e-03
-3.153954999999999953e-01,-1.613299000000000039e+00,1.062207999999999970e+02,-1.304565870062336132e-03,-3.397417633762615970e-03,-7.628924248811817972e-03
-3.343086000000000113e-01,-1.638432000000000111e+00,1.075652999999999935e+02,-2.616977793554792989e-03,-3.253498746191815869e-03,-5.496461776909608056e-03
-3.508130999999999888e-01,-1.661275000000000057e+00,1.089064000000000050e+02,-4.736559206065433375e-03,-2.640752111285749829e-03,-3.129638071118633243e-03
-3.737761000000000000e-01,-1.686738999999999988e+00,1.102446000000000055e+02,-5.403888401368271005e-03,-1.717934878836230956e-03,-1.552204944358929334e-03
-3.943149000000000237e-01,-1.710102000000000011e+00,1.115765999999999991e+02,-3.959804169775361232e-03,-1.002858139229598905e-03,-6.721991692946867282e-04
-4.137128999999999945e-01,-1.733997000000000011e+00,1.129050000000000011e+02,-1.555964767077376619e-03,-3.377714108137218557e-04,-2.580681045281264015e-03
-4.219683000000000184e-01,-1.753986000000000045e+00,1.142286000000000001e+02,6.421776328125157821e-04,7.512008311597895846e-04,-4.532204556398207636e-03
-4.295899000000000245e-01,-1.775004000000000026e+00,1.155601000000000056e+02,8.590358080908404087e-04,2.167847719651367234e-03,-7.568412113554534755e-03
-4.334779000000000271e-01,-1.794229999999999992e+00,1.168930000000000007e+02,-1.324423893909480211e-03,3.585178534604738145e-03,-9.001604048801464461e-03
-4.334150999999999976e-01,-1.811793999999999905e+00,1.182274000000000029e+02,-3.769469243433714277e-03,4.633262505458583813e-03,-9.097543999802918877e-03
-4.306136999999999881e-01,-1.825846999999999998e+00,1.195613000000000028e+02,-4.468734185099066530e-03,5.413591572873269371e-03,-8.102240566148765158e-03
-4.334145999999999832e-01,-1.846322000000000019e+00,1.209044999999999987e+02,-3.724554575364826241e-03,6.437193489260962381e-03,-8.611304883536402208e-03
-4.472932000000000019e-01,-1.880929000000000073e+00,1.222683999999999997e+02,-3.263497984209935525e-03,7.675916498236041476e-03,-1.037560198066460500e-02
-4.560743999999999909e-01,-1.910029999999999895e+00,1.236242000000000019e+02,-2.906876099053201049e-03,8.814487134472076893e-03,-1.240623017620993106e-02
-4.622549000000000241e-01,-1.940325000000000077e+00,1.249835000000000065e+02,-1.847366298981746938e-03,9.939856326266083980e-03,-1.315604893421931307e-02
-4.641329000000000149e-01,-1.966294999999999904e+00,1.263371000000000066e+02,-1.297164307530715910e-03,1.103381333303672142e-02,-1.424681843585877405e-02
-4.708494999999999764e-01,-2.006025999999999865e+00,1.276924999999999955e+02,-1.027910544763921408e-03,1.194512388708872733e-02,-1.340749797866052501e-02
-4.718093999999999899e-01,-2.038342999999999794e+00,1.290495999999999981e+02,-1.813574450382201674e-03,1.270799219727790363e-02,-1.288797755599180306e-02
-4.742799999999999794e-01,-2.073189000000000171e+00,1.304070000000000107e+02,-3.328566244992320518e-03,1.353913407838469932e-02,-1.193498758066595042e-02
-4.701254000000000266e-01,-2.099489000000000161e+00,1.317556999999999903e+02,-3.387201864465989518e-03,1.386052408355085974e-02,-1.093892910814921009e-02
-4.656936999999999882e-01,-2.127702000000000204e+00,1.331097000000000037e+02,-3.748059751393690523e-03,1.384043237052315009e-02,-8.864596434559482777e-03
-4.651027999999999829e-01,-2.162932000000000077e+00,1.344613999999999976e+02,-4.251518238843179746e-03,1.351861182133200050e-02,-7.200373180443345525e-03
-4.661197000000000257e-01,-2.198388000000000009e+00,1.358146000000000129e+02,-3.867457752125379265e-03,1.298366406313084323e-02,-5.686899663740834464e-03
-4.644952999999999999e-01,-2.226309000000000093e+00,1.371605999999999881e+02,-3.770716327563350921e-03,1.173436903045787204e-02,-4.092930120789785124e-03
-4.645722999999999936e-01,-2.254853999999999914e+00,1.385124000000000137e+02,-4.766739990814466803e-03,1.066518205299546787e-02,-2.842600458381311888e-03
-4.641807000000000016e-01,-2.281749000000000027e+00,1.398625999999999863e+02,-5.064859545505137270e-03,9.650394983052573011e-03,-1.276952833526690846e-03
-4.674418000000000184e-01,-2.314865999999999868e+00,1.412128999999999905e+02,-4.969953663326932489e-03,8.352772934603996252e-03,-5.269040928838557942e-04
-4.704574000000000256e-01,-2.341886000000000134e+00,1.425621999999999900e+02,-4.506870029700746696e-03,7.101098346850383616e-03,-2.612806783275758776e-04
-4.747020000000000128e-01,-2.367455000000000087e+00,1.439098999999999933e+02,-4.005509324270229571e-03,6.061687246629553216e-03,1.219037424250206327e-04
-4.789012999999999742e-01,-2.395023999999999820e+00,1.452578000000000031e+02,-2.223586578561832176e-03,5.078818574294096354e-03,1.762959560200072235e-03
-4.813925000000000010e-01,-2.426593000000000000e+00,1.466011000000000024e+02,-7.637515378856895611e-04,3.953092191074883410e-03,7.295663531142237805e-03
-4.844149999999999845e-01,-2.462969000000000186e+00,1.479538000000000011e+02,-3.568421965340819440e-03,2.853409936606462419e-03,1.408605347458980958e-02
-4.832843000000000000e-01,-2.489365999999999968e+00,1.493029999999999973e+02,-4.514137896245127256e-03,1.418598456769332074e-03,2.172633078686450961e-02
-4.887986000000000275e-01,-2.518616999999999884e+00,1.506480999999999995e+02,-2.109371512105565494e-03,1.861401017698259140e-04,2.505176082068112306e-02
-4.979854000000000225e-01,-2.545627999999999780e+00,1.519917000000000087e+02,1.893678145034200996e-03,3.332534914064513268e-04,2.513584704866134514e-02
-5.139896999999999938e-01,-2.581792000000000087e+00,1.533372999999999990e+02,3.671251673476767351e-03,1.169833246828348239e-03,2.159361249260821278e-02
-5.203404999999999836e-01,-2.611885000000000012e+00,1.546843000000000075e+02,3.671962075531307740e-03,1.924035082043630074e-03,2.134069814494147371e-02
-5.188374000000000041e-01,-2.641449000000000158e+00,1.560329000000000121e+02,5.421672444630270529e-04,2.596998986169945286e-03,2.406312391860873645e-02
-5.104870000000000241e-01,-2.666163000000000061e+00,1.573829000000000065e+02,-2.684445638008675118e-03,3.162399176254069265e-03,2.950807870457724733e-02
-4.996047000000000127e-01,-2.689150000000000151e+00,1.587318999999999960e+02,-3.388987626704708083e-03,3.186607356438074957e-03,3.366275780211899077e-02
-4.908893999999999758e-01,-2.711383000000000099e+00,1.600785999999999945e+02,-3.755748410007198057e-03,3.141950128660417948e-03,3.545831429797738354e-02
-4.848759000000000263e-01,-2.736779999999999990e+00,1.614290000000000020e+02,-4.116718846880554512e-03,3.963770161264163622e-03,3.390158798079477565e-02
-4.836516000000000148e-01,-2.760603999999999836e+00,1.627787999999999897e+02,-3.756859965434233839e-03,5.158617683958901558e-03,2.996237035941459390e-02
-4.767802999999999902e-01,-2.787253999999999898e+00,1.641295000000000073e+02,-1.359242124455599127e-03,6.030559549790022109e-03,2.653841750190050544e-02
-4.687839999999999785e-01,-2.810667000000000026e+00,1.654807000000000130e+02,-5.174391549213350552e-04,6.764442270445374279e-03,2.370180022514487700e-02
-4.599264000000000130e-01,-2.835557999999999801e+00,1.668389999999999986e+02,-1.867531372809601515e-03,7.187687681554913097e-03,2.168930008673146392e-02
-4.494839999999999947e-01,-2.861985999999999919e+00,1.681999999999999886e+02,-1.686240569574786081e-03,6.954663033238116937e-03,2.005154844249729812e-02
-4.424437999999999982e-01,-2.886559999999999793e+00,1.695602000000000089e+02,7.109504390832314859e-04,6.422619022528316957e-03,1.813855831422423598e-02
-4.389717000000000202e-01,-2.914239999999999942e+00,1.709198000000000093e+02,3.597036096128601243e-03,5.881074929187891584e-03,1.465643824293801772e-02
-4.111542999999999726e-01,-2.932730999999999977e+00,1.722840999999999951e+02,4.876530375699705301e-03,5.693019491428900729e-03,9.761327749453591399e-03
-3.881120000000000125e-01,-2.960770999999999820e+00,1.736528000000000134e+02,4.011688184593502175e-03,6.016442000684925524e-03,5.167347263721031210e-03
-3.779300999999999910e-01,-2.986448000000000214e+00,1.750290999999999997e+02,1.517843289441186570e-03,6.564509913754729489e-03,1.838075573405722855e-03
-3.588781999999999806e-01,-3.008538999999999852e+00,1.764086000000000070e+02,-4.602637234333365997e-04,6.696757985394096412e-03,1.474528582788887151e-03
-3.405308000000000224e-01,-3.013913000000000064e+00,1.777852000000000032e+02,-1.791312298111545631e-03,5.917343666052516347e-03,4.329015408582698350e-03
-3.214041999999999732e-01,-3.022952999999999779e+00,1.791606999999999914e+02,-1.642707442291648596e-03,4.243404689418313336e-03,6.885894337438187678e-03
-3.136545000000000027e-01,-3.041122999999999799e+00,1.805420000000000016e+02,2.453761080295739725e-03,2.152264730253178760e-03,7.314667402294985910e-03
-3.089994999999999825e-01,-3.062100000000000044e+00,1.819214000000000055e+02,6.952033631138307239e-03,6.328241075213076510e-04,6.253749672431438943e-03
-3.140564000000000133e-01,-3.088157999999999959e+00,1.833097999999999956e+02,7.868900523882746065e-03,6.466581093000212241e-05,1.472565555427768347e-03
-3.186557999999999891e-01,-3.114466000000000179e+00,1.847039000000000044e+02,6.476471455103228678e-03,-3.306026120698943375e-05,-2.593503003057711243e-03
-3.141304999999999792e-01,-3.137554999999999872e+00,1.860994000000000028e+02,3.404556592365376357e-03,2.480782056483954402e-04,-4.302727462619598126e-03
-3.087276999999999938e-01,-3.164477999999999902e+00,1.874987999999999886e+02,1.228166610647457883e-03,6.575487661489294415e-04,-5.090247227572901496e-03
-3.089327000000000045e-01,-3.193944999999999812e+00,1.889002999999999872e+02,4.139259005378256710e-04,7.349346923766539698e-04,-4.448434031385005080e-03
-3.070210999999999912e-01,-3.221858000000000111e+00,1.903048000000000002e+02,-3.654260933619577802e-04,6.744723570162451968e-04,-2.954261995012751572e-03
-3.030042000000000013e-01,-3.250529999999999919e+00,1.917127999999999872e+02,-8.006368292438943322e-04,6.630089570416018707e-04,-3.672563936654102694e-04
-3.007558000000000176e-01,-3.281162000000000134e+00,1.931212999999999909e+02,-8.078829513331369427e-04,1.041387211214035800e-03,2.295947312770098888e-03
-2.979338000000000264e-01,-3.314134999999999831e+00,1.945397000000000105e+02,-1.765465579424771751e-03,1.378920364057865944e-03,5.291922450713267174e-03
-2.945301000000000169e-01,-3.344374999999999876e+00,1.959592000000000098e+02,-3.563542424104825315e-03,1.805040879636851583e-03,9.362372504680997395e-03
-2.955048000000000119e-01,-3.384557000000000038e+00,1.973808999999999969e+02,-3.591473085820078015e-03,2.043501461826637781e-03,1.279796632456552292e-02
-2.998637000000000108e-01,-3.419364999999999988e+00,1.988010999999999910e+02,6.284370140499596826e-04,2.226613893920387048e-03,1.094509592393804777e-02
-3.150033999999999890e-01,-3.471363000000000198e+00,2.002241999999999962e+02,6.232680646712952278e-03,2.678300304711487157e-03,4.421554434982132194e-03
-3.321987000000000134e-01,-3.515079000000000065e+00,2.016572999999999922e+02,6.716776838555222479e-03,3.900139014701162980e-03,-4.911615263340232684e-03
-3.485808000000000240e-01,-3.555575999999999848e+00,2.030947999999999922e+02,2.457194318462899499e-03,5.336006472988899692e-03,-1.317859944732736703e-02
-3.518432000000000226e-01,-3.580327000000000037e+00,2.045324999999999989e+02,4.939935384786391180e-05,6.090648491951603308e-03,-1.466171682844672093e-02
-3.481358999999999981e-01,-3.604083000000000148e+00,2.059704000000000121e+02,1.050685176685471389e-04,5.558306323016709571e-03,-1.262603982277915246e-02
-3.438313000000000064e-01,-3.628674000000000177e+00,2.074182999999999879e+02,7.037363547072770045e-05,4.391156111596412892e-03,-9.535170415740996247e-03
-3.421980000000000022e-01,-3.650885999999999854e+00,2.088678999999999917e+02,1.561212261740809609e-04,3.266545710150465381e-03,-7.056258987987190472e-03
-3.429637999999999853e-01,-3.674360000000000070e+00,2.103232000000000141e+02,1.034570079540496432e-03,2.754123457178053042e-03,-7.418431111687370794e-03
-3.479510000000000103e-01,-3.708944999999999936e+00,2.117848999999999933e+02,8.945839502389131732e-04,2.647905125838545624e-03,-8.863720242221116707e-03
-3.533161000000000218e-01,-3.741769000000000123e+00,2.132452999999999861e+02,-8.632378602169354053e-05,2.523755539048701431e-03,-1.011646421269836622e-02
-3.575808999999999793e-01,-3.778064999999999785e+00,2.147142000000000053e+02,5.158670407967008557e-05,2.288233971537847328e-03,-9.528224011663194784e-03
-3.574839000000000211e-01,-3.809987000000000013e+00,2.161863999999999919e+02,1.455465047562182895e-03,1.895434203956077165e-03,-9.106878570013075477e-03
-3.559811999999999976e-01,-3.837086999999999914e+00,2.176614999999999895e+02,1.553199789326453056e-03,1.700717882733257394e-03,-8.356682657632794400e-03
-3.604881999999999809e-01,-3.867618999999999918e+00,2.191418999999999926e+02,1.210293224490629517e-03,1.251315313494756653e-03,-8.709512838173142854e-03
-3.669046999999999725e-01,-3.899694000000000216e+00,2.206192000000000064e+02,1.758770704089332622e-03,9.093330017767847903e-04,-8.742162741481332433e-03
-3.711882000000000237e-01,-3.933170000000000055e+00,2.221052999999999997e+02,2.030375879841423304e-03,7.116004526436448463e-04,-8.792893437916282640e-03
-3.755067999999999739e-01,-3.961695999999999884e+00,2.235894000000000119e+02,1.973088385715722395e-03,3.675712102776517039e-04,-9.892159053857249584e-03
-3.771502999999999939e-01,-3.990502999999999911e+00,2.250789000000000044e+02,2.379934170433619690e-03,2.575488098776092046e-05,-9.535383865635210787e-03
-3.787707000000000157e-01,-4.017066999999999943e+00,2.265690999999999917e+02,2.267420009545799073e-03,-2.377043981809405439e-04,-1.003884872806031815e-02
-3.785265999999999909e-01,-4.048136000000000401e+00,2.280602000000000089e+02,2.130853675891419916e-03,-3.457259987791111888e-04,-9.095490738294248131e-03
-3.786613999999999813e-01,-4.075078000000000422e+00,2.295510999999999910e+02,2.766743453943790003e-03,-2.360006095043834507e-04,-7.841086809559198040e-03
-3.766086000000000156e-01,-4.099044000000000132e+00,2.310454000000000008e+02,2.415462307205430096e-03,-7.280318939526962338e-05,-6.709191289759893796e-03
-3.745701000000000169e-01,-4.124994000000000050e+00,2.325421000000000049e+02,1.665719791426993569e-03,1.213753984401033350e-04,-5.120150330902660703e-03
-3.739625999999999784e-01,-4.153623999999999761e+00,2.340378000000000043e+02,1.231020362982422752e-03,1.109911985099029685e-04,-4.961722312252616132e-03
-3.764692000000000038e-01,-4.186333000000000304e+00,2.355389999999999873e+02,1.389656495113887136e-03,2.763957869615253225e-05,-5.337968099439916597e-03
-3.784077000000000135e-01,-4.220226000000000255e+00,2.370446000000000026e+02,2.623841162133278178e-03,2.521649032724068294e-04,-6.027583704705603319e-03
-3.814943000000000084e-01,-4.253314999999999735e+00,2.385499000000000080e+02,1.827514620513580323e-03,7.813891436826370324e-04,-7.299410713939767648e-03
-3.829064999999999830e-01,-4.285388000000000197e+00,2.400603000000000122e+02,-6.000854480718480558e-04,1.417108466469863860e-03,-7.615983230030452800e-03
-3.820923999999999987e-01,-4.315102999999999689e+00,2.415712000000000046e+02,-9.867174492243174864e-04,1.927766100877300248e-03,-7.347155397516411460e-03
-3.818796999999999886e-01,-4.347138000000000169e+00,2.430872999999999990e+02,6.044709002384609977e-04,2.408898225861706103e-03,-7.594990726277477643e-03
-3.796393000000000129e-01,-4.377646000000000370e+00,2.446020000000000039e+02,1.967217855808865885e-03,2.965363442217840845e-03,-7.559246472584586415e-03
-3.770780000000000243e-01,-4.404696000000000389e+00,2.461230999999999938e+02,1.509096663542847973e-03,3.273528694378003822e-03,-8.589401239664708199e-03
-3.721572000000000213e-01,-4.432021999999999906e+00,2.476476999999999862e+02,5.699183868306609150e-04,3.331571985316346927e-03,-8.099880088410449375e-03
-3.683885000000000076e-01,-4.458218999999999710e+00,2.491682000000000130e+02,-1.687233745264815957e-04,3.021289530380201049e-03,-8.180235387433022407e-03
-3.658944000000000085e-01,-4.487063000000000024e+00,2.506964000000000112e+02,-4.983611521864736091e-04,2.793982662847963993e-03,-8.507322908067731573e-03
-3.629857000000000222e-01,-4.511300999999999561e+00,2.522240999999999929e+02,-5.963698340525587028e-04,2.833729656396067383e-03,-9.973326899123884093e-03
-3.598898999999999848e-01,-4.535745000000000360e+00,2.537570000000000050e+02,-6.296437390826538447e-04,3.037558670149636837e-03,-1.095333954834364076e-02
-3.565283000000000202e-01,-4.558441000000000187e+00,2.552884999999999991e+02,-6.544914517594897264e-04,2.924572110375982942e-03,-1.155374622548992029e-02
-3.518993999999999733e-01,-4.584939999999999571e+00,2.568229999999999791e+02,-9.699643516394404648e-04,2.934979313673597399e-03,-9.975922770748992321e-03
-3.474488000000000021e-01,-4.611577999999999733e+00,2.583611999999999966e+02,-1.870259666873176022e-03,2.833876895315775007e-03,-8.479251959419226506e-03
-3.407994999999999775e-01,-4.637603999999999616e+00,2.599003000000000156e+02,-2.882096941414795735e-03,2.895375060670703216e-03,-5.657427922352476109e-03
-3.346776000000000195e-01,-4.662237000000000187e+00,2.614352000000000089e+02,-2.099277462222862503e-03,2.581350852387590249e-03,-4.116775321250383535e-03
-3.291337999999999764e-01,-4.686550999999999689e+00,2.629730999999999881e+02,-6.832442750906981112e-04,2.305529970956856755e-03,-2.889051607640889113e-03
-3.253737999999999908e-01,-4.715745000000000076e+00,2.645113000000000056e+02,-2.486796778712789448e-03,2.881332000074797277e-03,-9.427336572921847253e-04
-3.249045999999999879e-01,-4.748173000000000421e+00,2.660572000000000230e+02,-5.011162756024711146e-03,3.329745988788696161e-03,1.067294866069201778e-04
-3.208178999999999892e-01,-4.788371999999999851e+00,2.675980999999999881e+02,-4.001359664102149480e-03,3.467666886508443368e-03,2.052247742060363776e-03
-3.173943000000000181e-01,-4.824678999999999718e+00,2.691376999999999953e+02,-2.461570890079685034e-03,3.758048977914168424e-03,2.899452638815081841e-03
-3.166024000000000060e-01,-4.866051999999999822e+00,2.706770999999999958e+02,-2.381990269884014071e-03,4.400620025404795507e-03,1.927555779655989576e-03
-3.155942999999999943e-01,-4.906588000000000171e+00,2.722185000000000059e+02,-2.768483974591623951e-03,5.481100318874792925e-03,4.509599789263302053e-04
-3.140400999999999887e-01,-4.950218999999999703e+00,2.737649000000000115e+02,-2.359218064652593341e-03,6.437325469774612258e-03,-1.248124186568437544e-03
-3.112308999999999770e-01,-4.987625999999999671e+00,2.753072000000000230e+02,-2.279767215575610566e-03,7.397184169160261544e-03,-2.441462125466359670e-03
-3.114205999999999919e-01,-5.039836000000000205e+00,2.768534999999999968e+02,-1.925240774935736395e-03,8.187139221371890832e-03,-3.198502555235015719e-03
-3.062025999999999915e-01,-5.082754999999999690e+00,2.783951999999999884e+02,-1.325393360303688808e-03,9.025102204798400585e-03,-3.552215013841998354e-03
-3.011291999999999858e-01,-5.134135999999999811e+00,2.799451000000000249e+02,-8.638635191385354156e-04,9.933028690360381704e-03,-3.010913190101930769e-03
-2.897536000000000000e-01,-5.172037999999999691e+00,2.814957999999999743e+02,-1.023523518732057883e-03,1.077230773330651106e-02,-2.423111825377636391e-03
-2.764899000000000107e-01,-5.210036999999999807e+00,2.830498000000000047e+02,-2.328894483553976130e-03,1.151833484699221581e-02,-1.517444262857473589e-03
-2.599233000000000238e-01,-5.241690000000000182e+00,2.846005000000000109e+02,-2.736421939237604958e-03,1.186444850255506667e-02,-1.024156097008705076e-04
-2.447295999999999916e-01,-5.277598000000000233e+00,2.861453999999999951e+02,-3.738587013226555189e-04,1.192730286615016448e-02,5.738466522815600717e-04
-2.301583000000000101e-01,-5.316244000000000192e+00,2.876999000000000137e+02,2.201394000759223594e-03,1.156932837103076886e-02,1.517767194572676708e-03
-2.170805000000000096e-01,-5.355147999999999797e+00,2.892536000000000058e+02,2.499339256056513827e-03,1.072672517991334409e-02,1.198626186053134866e-03
-2.045250999999999875e-01,-5.390475000000000350e+00,2.908102999999999838e+02,1.835053996099807357e-03,1.001645759954128932e-02,2.801777245246788676e-03
-1.926926999999999945e-01,-5.424877999999999645e+00,2.923691999999999780e+02,2.444344461011588050e-03,9.001443847450076724e-03,2.703801919561762274e-03
-1.828270999999999924e-01,-5.462577999999999712e+00,2.939316000000000031e+02,2.711651921852571527e-03,8.440786334499468524e-03,2.434934176469529671e-03
-1.753107000000000137e-01,-5.502144000000000368e+00,2.955006999999999948e+02,2.202035566662267213e-03,7.732418649967295714e-03,2.390522616602499921e-03
-1.681708000000000092e-01,-5.542653999999999748e+00,2.970722999999999843e+02,1.894875051486258908e-03,6.881935375371735913e-03,2.832661888518670738e-03
-1.571664000000000116e-01,-5.573209000000000302e+00,2.986501999999999839e+02,1.117295311210247163e-03,5.847570155353506820e-03,3.473380267290642615e-03
-1.498300999999999938e-01,-5.605661999999999701e+00,3.002366999999999848e+02,-4.561806005030704324e-04,5.292382831963808598e-03,1.882335517777576411e-03
-1.436566999999999983e-01,-5.638055999999999734e+00,3.018211000000000013e+02,-1.031535304921918318e-03,5.924590871031878980e-03,1.352025188659182649e-03
-1.362308000000000130e-01,-5.674044999999999561e+00,3.034130000000000109e+02,-5.049018242504446814e-04,6.895318809297110337e-03,7.782544988127582759e-04
-1.245795999999999987e-01,-5.704926999999999637e+00,3.050095000000000027e+02,-4.688902252473472007e-05,7.276564156443179714e-03,2.065831144095932846e-03
-1.113075000000000037e-01,-5.740562999999999860e+00,3.066086000000000240e+02,8.361142999783364397e-04,7.450020653803141740e-03,3.790547136117720407e-03
-1.009904999999999969e-01,-5.775938000000000017e+00,3.082115999999999758e+02,2.782385864757269331e-03,7.743318135472967816e-03,5.450270206313891433e-03
-9.649989999999999957e-02,-5.821106000000000336e+00,3.098188999999999851e+02,3.769975006111383597e-03,7.742196270563182769e-03,5.716585408544238092e-03
-9.324941000000000479e-02,-5.863045999999999758e+00,3.114331000000000245e+02,4.670897744810057622e-03,5.620398723336841353e-03,5.173426910456778612e-03
-9.658434000000000463e-02,-5.907765999999999629e+00,3.130445000000000277e+02,4.246768596188331933e-03,3.478749935673391361e-03,4.236141203283708134e-03
-1.065230000000000066e-01,-5.952028999999999570e+00,3.146682000000000130e+02,1.087306334241748334e-03,3.081440744025827020e-03,2.488123272932990949e-03
-1.079810999999999965e-01,-5.990687999999999569e+00,3.162952999999999975e+02,-2.193321784147096894e-03,3.592158615892468779e-03,3.709100321943493029e-03
-1.086696000000000051e-01,-6.032426000000000066e+00,3.179241000000000099e+02,-3.033797491268859330e-03,3.804743005540242931e-03,4.755592128513967155e-03
-1.058419000000000026e-01,-6.068361999999999590e+00,3.195525000000000091e+02,-1.715996132444777165e-03,4.083097425279010734e-03,6.187861190181216491e-03
-1.039698000000000011e-01,-6.106844999999999857e+00,3.211822999999999979e+02,-1.748297974534114433e-03,4.424454484803584838e-03,6.957194297595287701e-03
-1.009179000000000048e-01,-6.143404000000000309e+00,3.228138999999999896e+02,-2.166782777236616123e-03,4.624227368238679851e-03,6.831231002052572630e-03
-9.883113000000000314e-02,-6.185281999999999947e+00,3.244397000000000162e+02,-1.962456917592008028e-03,5.112560105500287694e-03,6.966192156246367798e-03
-9.648437999999999459e-02,-6.224088000000000065e+00,3.260681999999999903e+02,-1.364204663103928258e-03,5.590213207310408550e-03,5.524266505246860741e-03
-9.411052000000000306e-02,-6.268818999999999697e+00,3.276976000000000226e+02,-6.073549509491242950e-04,6.257811872355722657e-03,4.736132461668209406e-03
-8.496955999999999953e-02,-6.305428000000000033e+00,3.293242000000000189e+02,-2.394316705075808568e-03,7.110247982305208624e-03,5.850240310005981430e-03
-7.442717999999999556e-02,-6.342113000000000334e+00,3.309508000000000152e+02,-3.500576120334190564e-03,7.247928535583573854e-03,6.741501207820814814e-03
-6.421230999999999467e-02,-6.372244000000000241e+00,3.325693999999999733e+02,-2.033812278353809913e-03,6.939109887889613991e-03,7.974528739615375714e-03
-5.844894999999999952e-02,-6.413496999999999559e+00,3.341893000000000029e+02,-2.142163276492697541e-03,6.950336610058697670e-03,7.169010203905943311e-03
-5.434960999999999959e-02,-6.450779999999999959e+00,3.358023999999999774e+02,-8.005704024905640039e-04,6.837278220686939662e-03,4.781980963474662810e-03
-4.949748000000000342e-02,-6.492550999999999739e+00,3.374096999999999866e+02,3.505648228826184661e-03,6.096816517706096436e-03,3.593362368231175705e-03
-4.548042000000000057e-02,-6.532187999999999661e+00,3.390210999999999899e+02,2.367682642479323942e-03,5.229417905144900965e-03,2.006572810186657650e-03
-4.257007000000000152e-02,-6.571397000000000155e+00,3.406286999999999807e+02,-1.061419321736776188e-03,4.363851920185786264e-03,1.457671418904131011e-03
-3.930295999999999790e-02,-6.601810999999999652e+00,3.422461999999999875e+02,-4.312715658972500650e-03,3.300620048756209342e-03,2.684320699290594853e-04
-3.681003000000000053e-02,-6.628917999999999644e+00,3.438528000000000020e+02,-3.056491266114487373e-03,2.091060505318338009e-03,-2.126339645901082224e-04
-3.514658999999999839e-02,-6.652782000000000195e+00,3.454524999999999864e+02,-1.017369157678683651e-03,2.721081936938065629e-04,4.438341152399738064e-04
-3.454789999999999944e-02,-6.677643999999999913e+00,3.470554000000000201e+02,-2.583986135268991242e-03,-1.622082617351522284e-03,1.443855317524892412e-03
-3.707175000000000054e-02,-6.708152000000000115e+00,3.486551000000000045e+02,-3.454112731838079788e-03,-2.614910884805685554e-03,3.071662220016698180e-03
-4.156332000000000082e-02,-6.737238999999999756e+00,3.502531999999999925e+02,-2.500430292360771110e-03,-3.049167850878164564e-03,3.349628973622955155e-03
-5.261017999999999945e-02,-6.773058999999999941e+00,3.518478000000000065e+02,-1.601901202349375296e-03,-3.267276866527512452e-03,4.011521236329820828e-03
-6.277075000000000016e-02,-6.805862000000000300e+00,3.534463999999999828e+02,-1.659325760515696548e-03,-3.287560875341070596e-03,4.076820266382801330e-03
-7.506606000000000389e-02,-6.843563999999999758e+00,3.550378999999999792e+02,-1.485518414593887341e-03,-3.256568597939395095e-03,4.570782930507191928e-03
-8.570355999999999808e-02,-6.882551999999999559e+00,3.566308000000000220e+02,-8.851199025514045653e-04,-3.289032842744234533e-03,5.218766778332212600e-03
-9.729988999999999999e-02,-6.921763000000000332e+00,3.582217999999999734e+02,-2.246991219431782906e-04,-3.416847542680223875e-03,5.402532650237952712e-03
-1.091014000000000012e-01,-6.958714999999999762e+00,3.598125000000000000e+02,-5.825779547862914003e-04,-3.342406268542449151e-03,5.899288249357472966e-03
-1.223014000000000046e-01,-6.995935000000000237e+00,3.614037000000000148e+02,4.216376518574435541e-04,-3.272133840684796069e-03,5.467392510729391676e-03
-1.322205999999999937e-01,-7.034017000000000408e+00,3.629889999999999759e+02,1.641422195109140669e-03,-3.210947339440368628e-03,6.985787443532573762e-03
-1.419951999999999881e-01,-7.072716999999999921e+00,3.645867000000000075e+02,1.573615540365687793e-04,-3.085596998357669450e-03,8.343480797337385693e-03
-1.552998999999999907e-01,-7.112397999999999776e+00,3.661838000000000193e+02,-1.000256267847167771e-03,-3.205838350991180481e-03,1.001056819714882945e-02
-1.668614999999999959e-01,-7.146884000000000015e+00,3.677810999999999808e+02,-3.025888037090556986e-04,-3.160091145499307336e-03,1.055876853300696631e-02
-1.858911000000000036e-01,-7.188290000000000290e+00,3.693865999999999872e+02,5.769906016315052384e-04,-2.791654677472294593e-03,9.443031309607914994e-03
-2.029185000000000016e-01,-7.225081000000000309e+00,3.709753000000000043e+02,-6.717890471289285825e-04,-2.302541030210328993e-03,7.436564242183548931e-03
-2.229981000000000047e-01,-7.268839999999999968e+00,3.726154000000000224e+02,-9.650576270238257238e-04,-1.799676906887456677e-03,6.101894527820742042e-03
-2.378134000000000081e-01,-7.306808000000000192e+00,3.742253000000000043e+02,-7.128270059407979540e-04,-1.431283536898795596e-03,5.699488887028082880e-03
-2.519893000000000272e-01,-7.344935999999999687e+00,3.757810999999999808e+02,8.505960933658735846e-05,-1.200488283567950360e-03,5.879364084996245923e-03
-2.625877999999999823e-01,-7.379336000000000340e+00,3.773872999999999820e+02,3.315631536315473134e-04,-9.197785583261082216e-04,5.717677750084982843e-03
-2.704012000000000082e-01,-7.414418000000000397e+00,3.789929000000000201e+02,3.863599966834968210e-04,-6.949976728232979848e-04,5.335587734126221761e-03
-2.783585000000000087e-01,-7.448411000000000115e+00,3.806071000000000026e+02,2.689904204113660233e-04,-3.824859006129169878e-04,4.183215411238036356e-03
-2.877925000000000066e-01,-7.485057000000000293e+00,3.822201999999999771e+02,-4.520360144144408392e-04,-5.555304104980204113e-05,2.891393086360719705e-03
-2.960865999999999776e-01,-7.522078999999999738e+00,3.838408000000000015e+02,1.629655985573314890e-04,2.111688944833914306e-04,1.738539856219316684e-03
-3.039651999999999910e-01,-7.558709000000000344e+00,3.854511999999999716e+02,7.480938596820497447e-04,4.806424194210005721e-04,8.747434142608495654e-04
-3.110173999999999994e-01,-7.596747999999999834e+00,3.870677999999999770e+02,6.526136336564743179e-04,8.072952601472796691e-04,1.284791378368112746e-04
-3.164538000000000073e-01,-7.631598000000000326e+00,3.886856999999999971e+02,-2.671504539348232309e-04,1.060621213584594545e-03,-1.116826875852344010e-03
-3.206582000000000043e-01,-7.664429000000000158e+00,3.903059000000000083e+02,-9.858053593691665575e-04,1.450189557162914061e-03,-2.242671313728459345e-03
-3.238002999999999854e-01,-7.696195000000000341e+00,3.919359000000000037e+02,-3.197979327545157438e-04,1.838638023493159969e-03,-2.903958970371470563e-03
-3.237896000000000107e-01,-7.731690999999999647e+00,3.935579000000000178e+02,-4.645783351064615646e-04,2.090392591709514230e-03,-2.926428667848532134e-03
